Precision: 0.5518532384874579
Recall: 0.9826666666666667
F1: 0.7067849436585952
Accuracy: 0.5923333333333334
yes: 0.8903333333333333
unknow: 0.0
