Precision: 0.5549363057324841
Recall: 0.9293333333333333
F1: 0.6949152542372881
Accuracy: 0.592
yes: 0.8373333333333334
unknow: 0.0
